			Flux (/cm^2/1E21p.o.t/50MeV)
Bin#	Energy (GeV)	numu		anti-numu	nue		anti-nue
---------------------------------------------------------------------------------
1	 0.00- 0.05	1.30e+04	1.62e+04	1.97e+02	3.26e+01
2	 0.05- 0.10	5.43e+04	5.67e+04	9.91e+02	1.24e+02
3	 0.10- 0.15	1.06e+05	4.63e+04	2.17e+03	2.22e+02
4	 0.15- 0.20	1.66e+05	3.42e+04	3.20e+03	2.95e+02
5	 0.20- 0.25	2.50e+05	3.09e+04	4.07e+03	3.63e+02
6	 0.25- 0.30	3.43e+05	2.97e+04	4.52e+03	4.19e+02
7	 0.30- 0.35	4.46e+05	3.01e+04	5.15e+03	4.64e+02
8	 0.35- 0.40	5.36e+05	3.06e+04	5.27e+03	4.92e+02
9	 0.40- 0.45	6.53e+05	3.12e+04	5.37e+03	5.32e+02
10	 0.45- 0.50	8.15e+05	3.09e+04	5.39e+03	5.43e+02
11	 0.50- 0.55	9.84e+05	3.03e+04	5.30e+03	5.17e+02
12	 0.55- 0.60	1.07e+06	3.03e+04	5.13e+03	5.56e+02
13	 0.60- 0.65	1.12e+06	3.04e+04	4.88e+03	5.47e+02
14	 0.65- 0.70	1.02e+06	2.87e+04	4.61e+03	5.29e+02
15	 0.70- 0.75	7.48e+05	2.67e+04	4.34e+03	5.14e+02
16	 0.75- 0.80	4.82e+05	2.40e+04	4.20e+03	4.89e+02
17	 0.80- 0.85	3.16e+05	2.21e+04	3.71e+03	4.88e+02
18	 0.85- 0.90	2.30e+05	2.13e+04	3.43e+03	4.79e+02
19	 0.90- 0.95	1.75e+05	1.99e+04	3.19e+03	4.73e+02
20	 0.95- 1.00	1.40e+05	1.82e+04	2.79e+03	4.68e+02
21	 1.00- 1.05	1.17e+05	1.69e+04	2.67e+03	4.33e+02
22	 1.05- 1.10	9.84e+04	1.55e+04	2.34e+03	4.25e+02
23	 1.10- 1.15	8.52e+04	1.44e+04	2.20e+03	3.98e+02
24	 1.15- 1.20	7.53e+04	1.32e+04	1.95e+03	3.94e+02
25	 1.20- 1.25	6.62e+04	1.24e+04	1.81e+03	4.00e+02
26	 1.25- 1.30	5.93e+04	1.13e+04	1.59e+03	3.76e+02
27	 1.30- 1.35	5.35e+04	1.07e+04	1.56e+03	3.81e+02
28	 1.35- 1.40	4.87e+04	9.98e+03	1.44e+03	3.48e+02
29	 1.40- 1.45	4.41e+04	8.95e+03	1.35e+03	3.43e+02
30	 1.45- 1.50	4.03e+04	8.32e+03	1.35e+03	3.55e+02
31	 1.50- 1.55	3.73e+04	8.00e+03	1.22e+03	3.31e+02
32	 1.55- 1.60	3.44e+04	7.52e+03	1.22e+03	3.21e+02
33	 1.60- 1.65	3.21e+04	6.99e+03	1.17e+03	3.18e+02
34	 1.65- 1.70	2.96e+04	6.67e+03	1.16e+03	2.93e+02
35	 1.70- 1.75	2.75e+04	6.14e+03	1.12e+03	2.86e+02
36	 1.75- 1.80	2.55e+04	5.88e+03	1.04e+03	2.79e+02
37	 1.80- 1.85	2.41e+04	6.01e+03	1.04e+03	2.68e+02
38	 1.85- 1.90	2.28e+04	5.46e+03	1.00e+03	2.55e+02
39	 1.90- 1.95	2.14e+04	4.89e+03	9.91e+02	2.64e+02
40	 1.95- 2.00	1.98e+04	4.65e+03	9.94e+02	2.61e+02
41	 2.00- 2.05	1.87e+04	4.44e+03	9.70e+02	2.36e+02
42	 2.05- 2.10	1.83e+04	4.22e+03	9.20e+02	2.33e+02
43	 2.10- 2.15	1.77e+04	4.02e+03	9.09e+02	2.31e+02
44	 2.15- 2.20	1.63e+04	3.87e+03	8.77e+02	2.22e+02
45	 2.20- 2.25	1.60e+04	3.76e+03	8.70e+02	2.14e+02
46	 2.25- 2.30	1.47e+04	3.25e+03	8.41e+02	2.08e+02
47	 2.30- 2.35	1.43e+04	3.35e+03	8.23e+02	2.10e+02
48	 2.35- 2.40	1.37e+04	2.89e+03	8.18e+02	1.94e+02
49	 2.40- 2.45	1.37e+04	2.95e+03	7.89e+02	1.94e+02
50	 2.45- 2.50	1.28e+04	2.72e+03	7.76e+02	1.88e+02
51	 2.50- 2.55	1.25e+04	2.59e+03	7.43e+02	1.92e+02
52	 2.55- 2.60	1.23e+04	2.56e+03	7.19e+02	1.82e+02
53	 2.60- 2.65	1.15e+04	2.47e+03	7.02e+02	1.70e+02
54	 2.65- 2.70	1.13e+04	2.23e+03	7.04e+02	1.65e+02
55	 2.70- 2.75	1.11e+04	2.09e+03	6.66e+02	1.63e+02
56	 2.75- 2.80	1.11e+04	2.04e+03	6.39e+02	1.56e+02
57	 2.80- 2.85	1.08e+04	1.84e+03	6.36e+02	1.55e+02
58	 2.85- 2.90	1.05e+04	1.82e+03	6.00e+02	1.42e+02
59	 2.90- 2.95	1.07e+04	1.92e+03	5.85e+02	1.42e+02
60	 2.95- 3.00	1.04e+04	1.87e+03	5.71e+02	1.40e+02
61	 3.00- 3.05	1.01e+04	1.70e+03	5.41e+02	1.32e+02
62	 3.05- 3.10	9.92e+03	1.42e+03	5.32e+02	1.27e+02
63	 3.10- 3.15	9.52e+03	1.50e+03	5.48e+02	1.22e+02
64	 3.15- 3.20	9.55e+03	1.34e+03	5.04e+02	1.25e+02
65	 3.20- 3.25	9.28e+03	1.29e+03	4.74e+02	1.16e+02
66	 3.25- 3.30	9.01e+03	1.40e+03	4.72e+02	1.19e+02
67	 3.30- 3.35	9.06e+03	1.17e+03	4.40e+02	1.09e+02
68	 3.35- 3.40	8.90e+03	1.14e+03	4.27e+02	1.09e+02
69	 3.40- 3.45	8.82e+03	1.27e+03	4.15e+02	9.99e+01
70	 3.45- 3.50	8.82e+03	1.14e+03	4.00e+02	1.04e+02
71	 3.50- 3.55	8.57e+03	1.05e+03	3.84e+02	9.60e+01
72	 3.55- 3.60	8.51e+03	1.01e+03	3.75e+02	9.87e+01
73	 3.60- 3.65	8.31e+03	9.51e+02	3.62e+02	9.42e+01
74	 3.65- 3.70	8.37e+03	9.51e+02	3.43e+02	8.74e+01
75	 3.70- 3.75	8.19e+03	9.44e+02	3.32e+02	8.81e+01
76	 3.75- 3.80	8.03e+03	8.13e+02	3.18e+02	8.59e+01
77	 3.80- 3.85	7.93e+03	9.22e+02	3.08e+02	8.17e+01
78	 3.85- 3.90	8.06e+03	8.24e+02	3.02e+02	8.28e+01
79	 3.90- 3.95	7.76e+03	7.51e+02	2.80e+02	7.30e+01
80	 3.95- 4.00	7.65e+03	7.50e+02	2.74e+02	8.11e+01
81	 4.00- 4.05	7.48e+03	7.55e+02	2.58e+02	7.08e+01
82	 4.05- 4.10	7.44e+03	7.26e+02	2.51e+02	7.16e+01
83	 4.10- 4.15	7.21e+03	6.88e+02	2.50e+02	7.07e+01
84	 4.15- 4.20	7.14e+03	7.12e+02	2.37e+02	6.48e+01
85	 4.20- 4.25	7.07e+03	6.47e+02	2.24e+02	6.75e+01
86	 4.25- 4.30	6.82e+03	5.91e+02	2.20e+02	6.52e+01
87	 4.30- 4.35	6.52e+03	6.30e+02	2.16e+02	5.81e+01
88	 4.35- 4.40	6.36e+03	5.89e+02	2.00e+02	5.87e+01
89	 4.40- 4.45	6.28e+03	6.01e+02	1.97e+02	5.55e+01
90	 4.45- 4.50	6.05e+03	5.96e+02	1.91e+02	5.74e+01
91	 4.50- 4.55	5.93e+03	5.74e+02	1.88e+02	5.29e+01
92	 4.55- 4.60	5.73e+03	4.67e+02	1.77e+02	5.34e+01
93	 4.60- 4.65	5.43e+03	5.11e+02	1.69e+02	5.01e+01
94	 4.65- 4.70	5.20e+03	4.79e+02	1.67e+02	4.82e+01
95	 4.70- 4.75	4.99e+03	5.07e+02	1.63e+02	4.54e+01
96	 4.75- 4.80	4.85e+03	3.89e+02	1.56e+02	4.72e+01
97	 4.80- 4.85	4.76e+03	4.29e+02	1.53e+02	4.57e+01
98	 4.85- 4.90	4.56e+03	4.81e+02	1.45e+02	4.42e+01
99	 4.90- 4.95	4.37e+03	4.08e+02	1.42e+02	4.28e+01
100	 4.95- 5.00	4.30e+03	3.77e+02	1.35e+02	4.36e+01
101	 5.00- 5.05	4.14e+03	4.18e+02	1.31e+02	4.12e+01
102	 5.05- 5.10	3.93e+03	3.51e+02	1.23e+02	3.91e+01
103	 5.10- 5.15	3.80e+03	3.55e+02	1.23e+02	3.88e+01
104	 5.15- 5.20	3.74e+03	3.36e+02	1.13e+02	3.42e+01
105	 5.20- 5.25	3.65e+03	3.30e+02	1.13e+02	3.69e+01
106	 5.25- 5.30	3.58e+03	3.00e+02	1.15e+02	3.43e+01
107	 5.30- 5.35	3.39e+03	3.02e+02	1.11e+02	3.29e+01
108	 5.35- 5.40	3.28e+03	3.09e+02	1.08e+02	3.42e+01
109	 5.40- 5.45	3.20e+03	2.74e+02	1.01e+02	3.21e+01
110	 5.45- 5.50	3.13e+03	3.20e+02	9.53e+01	2.90e+01
111	 5.50- 5.55	3.06e+03	2.72e+02	9.16e+01	2.71e+01
112	 5.55- 5.60	2.90e+03	3.00e+02	9.29e+01	2.64e+01
113	 5.60- 5.65	2.90e+03	3.18e+02	9.73e+01	3.03e+01
114	 5.65- 5.70	2.80e+03	3.24e+02	8.05e+01	2.58e+01
115	 5.70- 5.75	2.83e+03	2.37e+02	7.83e+01	2.45e+01
116	 5.75- 5.80	2.68e+03	2.38e+02	8.09e+01	2.59e+01
117	 5.80- 5.85	2.66e+03	2.29e+02	7.36e+01	2.23e+01
118	 5.85- 5.90	2.54e+03	2.71e+02	8.04e+01	2.66e+01
119	 5.90- 5.95	2.49e+03	2.51e+02	6.98e+01	2.08e+01
120	 5.95- 6.00	2.36e+03	2.16e+02	6.92e+01	2.28e+01
121	 6.00- 6.05	2.41e+03	2.07e+02	6.90e+01	2.19e+01
122	 6.05- 6.10	2.36e+03	1.98e+02	6.18e+01	1.88e+01
123	 6.10- 6.15	2.34e+03	2.34e+02	6.28e+01	2.24e+01
124	 6.15- 6.20	2.18e+03	1.91e+02	5.66e+01	1.75e+01
125	 6.20- 6.25	2.21e+03	1.81e+02	5.64e+01	1.76e+01
126	 6.25- 6.30	2.15e+03	1.59e+02	6.50e+01	1.96e+01
127	 6.30- 6.35	2.07e+03	2.17e+02	5.19e+01	1.77e+01
128	 6.35- 6.40	2.13e+03	1.68e+02	5.35e+01	1.77e+01
129	 6.40- 6.45	1.99e+03	1.60e+02	4.87e+01	1.59e+01
130	 6.45- 6.50	1.95e+03	1.40e+02	4.50e+01	1.48e+01
131	 6.50- 6.55	1.90e+03	1.51e+02	4.64e+01	1.59e+01
132	 6.55- 6.60	1.84e+03	2.07e+02	4.21e+01	1.88e+01
133	 6.60- 6.65	1.82e+03	2.00e+02	4.43e+01	1.64e+01
134	 6.65- 6.70	1.74e+03	1.62e+02	3.88e+01	1.27e+01
135	 6.70- 6.75	1.73e+03	1.77e+02	3.90e+01	1.21e+01
136	 6.75- 6.80	1.64e+03	1.58e+02	3.82e+01	1.19e+01
137	 6.80- 6.85	1.66e+03	1.18e+02	3.59e+01	1.25e+01
138	 6.85- 6.90	1.61e+03	1.42e+02	3.71e+01	1.26e+01
139	 6.90- 6.95	1.58e+03	1.38e+02	3.49e+01	1.21e+01
140	 6.95- 7.00	1.56e+03	1.61e+02	4.05e+01	1.19e+01
141	 7.00- 7.05	1.49e+03	1.14e+02	3.16e+01	1.14e+01
142	 7.05- 7.10	1.45e+03	1.59e+02	3.24e+01	9.06e+00
143	 7.10- 7.15	1.43e+03	9.63e+01	2.71e+01	8.42e+00
144	 7.15- 7.20	1.42e+03	1.30e+02	2.84e+01	9.99e+00
145	 7.20- 7.25	1.41e+03	1.01e+02	2.85e+01	1.00e+01
146	 7.25- 7.30	1.31e+03	1.04e+02	2.68e+01	8.07e+00
147	 7.30- 7.35	1.28e+03	9.39e+01	2.77e+01	9.93e+00
148	 7.35- 7.40	1.29e+03	9.70e+01	2.36e+01	7.69e+00
149	 7.40- 7.45	1.22e+03	9.49e+01	2.53e+01	9.27e+00
150	 7.45- 7.50	1.19e+03	8.84e+01	2.58e+01	8.65e+00
151	 7.50- 7.55	1.18e+03	1.13e+02	2.22e+01	7.13e+00
152	 7.55- 7.60	1.13e+03	1.03e+02	2.28e+01	6.43e+00
153	 7.60- 7.65	1.13e+03	1.00e+02	2.16e+01	7.00e+00
154	 7.65- 7.70	1.09e+03	8.93e+01	2.09e+01	7.40e+00
155	 7.70- 7.75	1.06e+03	9.50e+01	1.98e+01	6.53e+00
156	 7.75- 7.80	1.01e+03	9.27e+01	2.51e+01	6.69e+00
157	 7.80- 7.85	1.05e+03	7.38e+01	2.02e+01	7.20e+00
158	 7.85- 7.90	9.58e+02	6.85e+01	1.83e+01	7.06e+00
159	 7.90- 7.95	9.36e+02	1.12e+02	1.81e+01	6.81e+00
160	 7.95- 8.00	9.15e+02	7.47e+01	1.63e+01	4.99e+00
161	 8.00- 8.05	9.38e+02	7.57e+01	1.66e+01	5.48e+00
162	 8.05- 8.10	9.21e+02	6.72e+01	1.53e+01	5.00e+00
163	 8.10- 8.15	8.75e+02	6.82e+01	1.47e+01	5.97e+00
164	 8.15- 8.20	8.43e+02	5.65e+01	1.40e+01	4.60e+00
165	 8.20- 8.25	8.45e+02	7.64e+01	1.65e+01	4.30e+00
166	 8.25- 8.30	8.15e+02	5.92e+01	1.42e+01	6.19e+00
167	 8.30- 8.35	7.92e+02	6.38e+01	1.16e+01	3.41e+00
168	 8.35- 8.40	7.46e+02	5.30e+01	1.74e+01	5.22e+00
169	 8.40- 8.45	7.50e+02	4.85e+01	1.45e+01	6.32e+00
170	 8.45- 8.50	7.31e+02	5.82e+01	1.37e+01	5.18e+00
171	 8.50- 8.55	7.12e+02	7.09e+01	1.18e+01	4.59e+00
172	 8.55- 8.60	6.57e+02	5.09e+01	1.14e+01	4.66e+00
173	 8.60- 8.65	6.68e+02	5.52e+01	1.07e+01	3.76e+00
174	 8.65- 8.70	6.41e+02	4.75e+01	1.16e+01	4.18e+00
175	 8.70- 8.75	6.39e+02	5.60e+01	1.03e+01	3.27e+00
176	 8.75- 8.80	6.22e+02	4.74e+01	9.82e+00	3.24e+00
177	 8.80- 8.85	5.96e+02	5.15e+01	8.04e+00	2.29e+00
178	 8.85- 8.90	6.00e+02	4.78e+01	1.10e+01	2.95e+00
179	 8.90- 8.95	5.84e+02	4.60e+01	8.32e+00	2.88e+00
180	 8.95- 9.00	5.61e+02	9.07e+01	9.48e+00	4.23e+00
181	 9.00- 9.05	5.36e+02	4.05e+01	8.69e+00	3.07e+00
182	 9.05- 9.10	5.10e+02	4.29e+01	7.96e+00	2.04e+00
183	 9.10- 9.15	5.46e+02	6.55e+01	7.59e+00	2.79e+00
184	 9.15- 9.20	5.10e+02	4.48e+01	9.33e+00	3.22e+00
185	 9.20- 9.25	4.61e+02	4.54e+01	8.04e+00	2.47e+00
186	 9.25- 9.30	4.96e+02	3.61e+01	7.94e+00	3.28e+00
187	 9.30- 9.35	4.64e+02	4.56e+01	7.26e+00	2.36e+00
188	 9.35- 9.40	4.65e+02	2.86e+01	6.49e+00	2.42e+00
189	 9.40- 9.45	4.27e+02	3.47e+01	5.77e+00	1.73e+00
190	 9.45- 9.50	4.19e+02	4.13e+01	6.25e+00	2.68e+00
191	 9.50- 9.55	4.24e+02	3.61e+01	5.24e+00	1.77e+00
192	 9.55- 9.60	4.07e+02	2.81e+01	5.07e+00	1.57e+00
193	 9.60- 9.65	3.85e+02	2.87e+01	5.76e+00	1.63e+00
194	 9.65- 9.70	3.75e+02	2.89e+01	4.72e+00	1.78e+00
195	 9.70- 9.75	3.58e+02	2.79e+01	4.68e+00	1.49e+00
196	 9.75- 9.80	3.86e+02	3.35e+01	5.08e+00	2.44e+00
197	 9.80- 9.85	3.54e+02	2.73e+01	3.97e+00	8.83e-01
198	 9.85- 9.90	3.49e+02	2.37e+01	3.65e+00	1.43e+00
199	 9.90- 9.95	3.37e+02	2.60e+01	4.00e+00	3.25e-01
200	 9.95-10.00	3.25e+02	2.11e+01	3.54e+00	1.05e+00
201	10.00-11.00	2.52e+02	1.87e+01	3.23e+00	1.04e+00
202	11.00-12.00	1.48e+02	1.18e+01	1.35e+00	4.64e-01
203	12.00-13.00	8.75e+01	7.57e+00	8.03e-01	3.22e-01
204	13.00-14.00	5.47e+01	3.46e+00	3.56e-01	1.21e-01
205	14.00-15.00	3.46e+01	2.80e+00	1.21e-01	2.87e-02
206	15.00-16.00	1.76e+01	1.17e+00	9.42e-02	4.28e-02
207	16.00-17.00	9.60e+00	4.06e-01	3.23e-02	8.71e-04
208	17.00-18.00	7.18e+00	6.87e-02	8.43e-04	9.10e-04
209	18.00-19.00	3.10e+00	8.50e-02	9.86e-04	9.66e-04
210	19.00-20.00	6.58e-01	0.00e+00	0.00e+00	0.00e+00
211	20.00-21.00	6.23e-01	0.00e+00	0.00e+00	0.00e+00
212	21.00-22.00	2.53e-01	0.00e+00	0.00e+00	0.00e+00
213	22.00-23.00	0.00e+00	0.00e+00	0.00e+00	0.00e+00
214	23.00-24.00	0.00e+00	0.00e+00	0.00e+00	0.00e+00
215	24.00-25.00	0.00e+00	0.00e+00	0.00e+00	0.00e+00
216	25.00-26.00	0.00e+00	0.00e+00	0.00e+00	0.00e+00
217	26.00-27.00	0.00e+00	0.00e+00	0.00e+00	0.00e+00
218	27.00-28.00	0.00e+00	0.00e+00	0.00e+00	0.00e+00
219	28.00-29.00	0.00e+00	0.00e+00	0.00e+00	0.00e+00
220	29.00-30.00	0.00e+00	0.00e+00	0.00e+00	0.00e+00
